0,957,622,636,1061,920,356,796,1163,881,1382
957,0,358,1088,344,492,1223,321,817,1340,984
622,358,0,894,439,298,978,174,623,1146,842
636,1088,894,0,891,596,282,767,527,252,746
1061,344,439,891,0,295,879,265,489,1082,640
920,492,298,596,295,0,878,171,325,848,544
356,1223,978,282,879,878,0,1049,809,525,1028
796,321,174,767,265,171,1049,0,496,1019,699
1163,817,623,527,489,325,809,496,0,593,219
881,1340,1146,252,1082,848,525,1019,593,0,627
1382,984,842,746,640,544,1028,715,219,627,0
